


[332,982,816,7,653,490,654,820,981,3,333,165,4,489,817,978,6,5,163,172,2,656,657,168,1,815,496,329,493,979,331,984,491,492,164,327,980,186,483,54]

real	2m16.699s
user	2m15.879s
sys	0m0.768s


0.27860857436914227
[332,982,816,7,653,490,654,820,981,3,333,165,4,489,817,978,6,5,163,172,2,656,657,168,1,815,496,329,493,979,331,984,491,492,164,327,980,186,483,54]

real	2m15.441s
user	2m14.693s
sys	0m0.647s


0.26962181463175844
[982,332,820,653,490,654,816,7,2,656,1,168,657,815,496,172,163,329,493,979,4,165,3,333,981,6,5,978,817,489,492,491,984,331,164,327,980,186,483,54]


0.26962181463175844
[982,332,820,653,490,654,816,7,2,656,1,168,657,815,496,172,163,329,493,979,4,165,3,333,981,6,5,978,817,489,492,491,984,331,164,327,980,186,483,54]

real	1m12.682s
user	1m12.103s
sys	0m0.480s


34391.017445141195
[666,1073,328,495,1037,658,74,297,504,8,837,979,995,349,331,662,674,660,510,343,500,680,985,825,20,670,444,840,350,327,334,999,511,11,164,1003,984,501,491,492,499,17,25,340,346,183,347,176,4,23,344,820,654,823,7,1,507,496,505,19,168,829,832,661,184,673,182,663,986,657,508,9,173,2,653,678,816,332,185,3,988,981,6,174,5,978,352,333,990,75,339,12,1038,151,520,1075,483,54,652,171,179,512,821,77,165,22,991,351,490,26,187,982,14,181,345,163,329,493,509,815,676,667,656,172,665,668,817,489,671,675,190,16,186,828,1001,980,336,826,502,191,822,166,169,167,494,326,330,655,819,818]

real	5m28.320s
user	5m27.203s
sys	0m0.835s

--- with 150 cities and intial solution seed as 7797
0.2914154475782435
[185,654,653,673,507,667,184,173,661,829,2,508,663,832,657,168,496,815,9,986,1,329,509,656,676,352,817,991,174,981,333,489,349,492,77,171,346,17,176,978,6,5,4,347,662,343,660,20,511,985,334,999,826,339,12,1038,444,25,501,164,331,8,995,499,11,1003,674,500,680,825,504,297,980,336,670,840,350,327,510,837,979,668,351,181,332,678,816,982,14,187,345,490,344,163,7,823,172,182,505,19,493,988,165,3,990,665,26,820,22,23,491,984,183,75,821,652,54,483,1075,512,179,671,16,520,340,502,151,186,675,190,828,74,658,666,818,655,819,330,169,328,167,495,494,326,1037,1073,166,822,1001,191]

real	4m53.348s
user	4m52.564s
sys	0m0.638s




0.27152814104773
[657,168,1,656,2,653,7,816,982,332,820,654,490,815,496,172,163,329,493,979,4,165,3,333,981,6,5,978,817,489,492,491,984,331,164,327,980,186,483,54]

real	1m21.688s
user	1m20.873s
sys	0m0.799s


0.27152814104772998727
[657, 168, 1, 656, 2, 653, 7, 816, 982, 332, 820, 654, 490, 815, 496, 172, 163, 329, 493, 979, 4, 165, 3, 333, 981, 6, 5, 978, 817, 489, 492, 491, 984, 331, 164, 327, 980, 186, 483, 54]



0.27152823509191592599
[657, 168, 1, 656, 2, 653, 7, 816, 982, 332, 820, 654, 490, 815, 496, 172, 163, 329, 493, 979, 4, 165, 3, 333, 981, 6, 5, 978, 817, 489, 492, 491, 984, 331, 164, 327, 980, 186, 483, 54]

real	0m22.438s
user	0m21.523s
sys	0m0.642s


-- initial_sol_seed : 7797
-- neighbor seed : 346754
0.26872634325183208936
[7, 816, 982, 332, 820, 654, 490, 653, 2, 656, 1, 168, 657, 815, 496, 172, 163, 329, 493, 979, 4, 165, 333, 3, 981, 6, 5, 978, 817, 489, 492, 491, 984, 331, 164, 327, 980, 186, 483, 54]

real	0m35.239s
user	0m34.749s
sys	0m0.531s


0.29726294723865115399
[2, 163, 986, 663, 329, 493, 979, 999, 662, 504, 670, 985, 674, 825, 20, 343, 510, 336, 660, 837, 505, 184, 661, 832, 508, 657, 667, 656, 172, 182, 173, 815, 829, 168, 19, 1, 9, 496, 509, 817, 489, 174, 4, 6, 176, 165, 347, 349, 8, 331, 984, 492, 164, 444, 511, 297, 980, 74, 658, 655, 819, 330, 1037, 328, 167, 495, 494, 326, 169, 1073, 666, 818, 166, 1001, 191, 822, 12, 520, 186, 151, 1038, 340, 190, 75, 821, 1075, 179, 183, 512, 671, 16, 502, 828, 339, 675, 54, 483, 652, 171, 346, 77, 333, 981, 185, 991, 490, 676, 22, 820, 673, 665, 344, 653, 654, 978, 5, 23, 352, 25, 11, 499, 501, 17, 826, 334, 840, 350, 327, 500, 680, 1003, 995, 491, 668, 988, 351, 3, 990, 332, 345, 181, 982, 7, 507, 678, 187, 816, 823, 26, 14]

real	1m10.282s
user	1m8.864s
sys	0m1.218s

-- iss : 584
-- neighbor seed : 4444
0.29286916328784973196
[331, 981, 352, 4, 6, 978, 185, 351, 163, 172, 496, 168, 505, 19, 2, 507, 182, 665, 653, 673, 654, 823, 816, 678, 187, 345, 988, 333, 990, 3, 820, 332, 181, 982, 14, 26, 344, 490, 7, 656, 815, 173, 184, 667, 832, 657, 829, 9, 661, 663, 508, 986, 1, 329, 676, 509, 979, 493, 5, 668, 23, 22, 991, 174, 165, 817, 492, 499, 489, 25, 343, 510, 674, 334, 680, 350, 511, 20, 670, 340, 675, 12, 151, 502, 1038, 520, 339, 190, 186, 828, 74, 658, 666, 818, 655, 819, 1073, 169, 1037, 494, 167, 495, 328, 326, 330, 166, 1001, 191, 822, 336, 840, 501, 985, 504, 347, 176, 837, 8, 999, 826, 671, 179, 512, 821, 1075, 652, 54, 16, 483, 171, 77, 75, 183, 346, 444, 164, 17, 984, 11, 1003, 297, 980, 660, 327, 500, 825, 491, 349, 662, 995]

real	1m16.055s
user	1m14.561s
sys	0m1.285s

-- iss : 584
-- neighbor seed : 777
0.29362840835912673576
[54, 671, 12, 828, 520, 675, 190, 151, 502, 186, 1038, 340, 164, 995, 984, 5, 174, 185, 3, 676, 665, 507, 184, 986, 829, 1, 168, 823, 181, 14, 982, 187, 816, 678, 7, 2, 508, 9, 663, 657, 667, 172, 173, 490, 344, 163, 19, 496, 832, 820, 26, 654, 352, 978, 23, 817, 176, 6, 981, 165, 988, 351, 991, 22, 332, 345, 673, 182, 656, 661, 815, 653, 505, 329, 509, 493, 4, 333, 990, 75, 77, 444, 500, 670, 343, 825, 660, 510, 327, 985, 680, 20, 8, 999, 349, 1003, 499, 17, 11, 501, 492, 25, 334, 826, 504, 662, 674, 331, 979, 837, 668, 489, 491, 347, 183, 346, 171, 179, 821, 512, 1075, 652, 483, 16, 339, 191, 822, 166, 169, 326, 494, 495, 167, 328, 1037, 1073, 330, 819, 818, 655, 666, 658, 74, 1001, 980, 297, 336, 511, 350, 840]

real	1m12.122s
user	1m10.531s
sys	0m1.374s

-- iss : 93784
-- neighbor seed : 888
0.28511158231964139897
[666, 658, 819, 1073, 330, 1037, 494, 495, 167, 328, 326, 169, 655, 818, 166, 822, 74, 1001, 191, 151, 190, 186, 671, 520, 16, 1075, 652, 483, 54, 340, 980, 297, 336, 840, 826, 500, 20, 825, 995, 501, 1003, 11, 350, 510, 680, 444, 346, 75, 183, 77, 821, 512, 179, 171, 489, 22, 820, 181, 345, 332, 26, 990, 352, 351, 5, 493, 979, 3, 165, 333, 981, 163, 663, 657, 832, 986, 829, 1, 168, 508, 509, 329, 505, 19, 661, 172, 667, 490, 653, 654, 815, 496, 173, 656, 182, 2, 9, 184, 507, 678, 816, 14, 982, 187, 823, 7, 673, 665, 344, 676, 185, 991, 23, 174, 817, 4, 988, 978, 999, 674, 349, 331, 662, 837, 984, 334, 670, 327, 660, 511, 985, 504, 502, 12, 1038, 828, 339, 675, 17, 164, 499, 347, 668, 6, 176, 25, 491, 492, 8, 343]

real	1m9.943s
user	1m8.351s
sys	0m1.343s


-- iss : 93784
-- neighbor seed : 8887
0.29768555486874737070
[512, 671, 179, 1075, 652, 821, 183, 483, 54, 171, 346, 75, 77, 23, 5, 978, 176, 668, 6, 352, 979, 837, 680, 660, 825, 510, 980, 297, 340, 675, 190, 444, 17, 499, 4, 673, 829, 661, 9, 19, 182, 505, 168, 496, 988, 165, 174, 817, 3, 347, 491, 826, 186, 1038, 339, 16, 520, 151, 828, 12, 502, 191, 822, 1001, 166, 819, 818, 655, 666, 1073, 1037, 169, 328, 167, 495, 494, 326, 330, 658, 74, 985, 662, 331, 999, 11, 164, 984, 995, 8, 343, 336, 840, 511, 350, 500, 670, 327, 20, 504, 674, 334, 492, 349, 1003, 501, 25, 489, 333, 981, 820, 332, 14, 982, 345, 507, 2, 172, 173, 184, 815, 657, 986, 1, 509, 493, 329, 508, 667, 656, 163, 676, 490, 653, 7, 678, 187, 181, 816, 823, 832, 663, 22, 665, 26, 344, 654, 990, 351, 991, 185]

real	4m13.558s
user	3m55.487s
sys	0m8.819s


(0.2686885799066594, [979, 493, 329, 163, 172, 496, 815, 657, 168, 1, 656, 2, 653, 490, 654, 7, 816, 982, 332, 820, 333, 3, 165, 981, 978, 6, 5, 817, 4, 489, 492, 491, 984, 331, 164, 327, 980, 186, 483, 54], 827714293624498392, 17050096389897085346)
