 let mut sol: SimAnn = SimAnn::new(
                        0.002,//0.0001,
                        800000.0,
                        0.98,
                        &Cases::new().l40,
                        1000,
                        r.gen(),
                        r.gen(),
                    );
WITH 120 SEEDS THE BEST SOLUTION WAS FOUND BYT 2 THREADS
AP:0.8666666666666667
(0.2637132755109184, [979, 493, 329, 163, 172, 496, 815, 657, 168, 1, 656, 2, 653, 490, 654, 7, 816, 982, 332, 820, 981, 333, 3, 165, 6, 5, 978, 817, 4, 489, 492, 491, 984, 331, 164, 327, 980, 186, 483, 54], 558392509785398962, 17978799116548118666)
(0.2637132755109185, [54, 483, 186, 980, 327, 164, 331, 984, 491, 492, 489, 4, 817, 978, 5, 6, 165, 3, 333, 981, 820, 332, 982, 816, 7, 654, 490, 653, 2, 656, 1, 168, 657, 815, 496, 172, 163, 329, 493, 979], 15742803997598589643, 10210982012369611207)
(0.2658174732818453, [657, 168, 1, 7, 816, 982, 332, 820, 654, 490, 653, 2, 656, 815, 496, 172, 163, 329, 493, 979, 4, 165, 3, 333, 981, 6, 5, 978, 817, 489, 492, 491, 984, 331, 164, 327, 980, 186, 483, 54], 1321103689783877818, 16769310539489287008)
(0.2662697874878228, [7, 816, 982, 332, 820, 654, 490, 653, 2, 656, 1, 168, 657, 815, 496, 172, 163, 329, 493, 979, 4, 165, 3, 333, 981, 6, 5, 978, 817, 489, 492, 491, 984, 331, 164, 327, 980, 186, 483, 54], 3338494022697342544, 8852427172641096832)
(0.26638862824299153, [7, 816, 982, 332, 820, 654, 490, 653, 2, 656, 1, 168, 657, 815, 496, 172, 163, 329, 979, 493, 817, 978, 5, 6, 981, 333, 3, 165, 4, 489, 492, 491, 984, 331, 164, 327, 980, 186, 483, 54], 6775697801068181059, 8443915475279596361)
(0.26638862824299153, [54, 483, 186, 980, 327, 164, 331, 984, 491, 492, 489, 4, 165, 3, 333, 981, 6, 5, 978, 817, 493, 979, 329, 163, 172, 496, 815, 657, 168, 1, 656, 2, 653, 490, 654, 820, 332, 982, 816, 7], 12186607997524287517, 17911499696498374661)
(0.26638862824299153, [54, 483, 186, 980, 327, 164, 331, 984, 491, 492, 489, 4, 165, 3, 333, 981, 6, 5, 978, 817, 493, 979, 329, 163, 172, 496, 815, 657, 168, 1, 656, 2, 653, 490, 654, 820, 332, 982, 816, 7], 11382156012519895009, 5949634885216554526)
(0.2669162361580143, [657, 168, 1, 656, 2, 7, 816, 982, 332, 820, 654, 490, 653, 815, 496, 172, 163, 329, 493, 979, 4, 165, 3, 333, 981, 6, 5, 978, 817, 489, 492, 491, 984, 331, 164, 327, 980, 186, 483, 54], 6371605768793053784, 12271399741333031002)
(0.2691144934962405, [7, 816, 982, 332, 820, 654, 490, 653, 2, 656, 815, 1, 168, 657, 496, 172, 163, 329, 979, 493, 5, 978, 6, 981, 333, 3, 165, 4, 817, 489, 492, 491, 984, 331, 164, 327, 980, 186, 483, 54], 14477852725169787826, 13141560345846675839)
(0.2692422311132064, [54, 483, 186, 980, 327, 164, 331, 984, 491, 492, 489, 4, 165, 3, 333, 981, 6, 5, 978, 817, 493, 979, 329, 163, 172, 496, 815, 657, 168, 1, 656, 2, 653, 490, 654, 7, 816, 982, 332, 820], 15277580144702859062, 9033632564187534385)
(0.27045478871764345, [491, 492, 489, 4, 817, 978, 5, 6, 165, 3, 333, 981, 820, 332, 982, 816, 7, 654, 490, 653, 2, 656, 1, 168, 657, 815, 496, 172, 163, 329, 493, 979, 331, 984, 164, 327, 980, 186, 483, 54], 8014376284969614270, 17787762059824529164)
(0.27287928195357375, [54, 483, 186, 980, 327, 164, 331, 984, 491, 492, 489, 4, 978, 5, 6, 981, 333, 3, 165, 817, 493, 979, 329, 163, 172, 496, 815, 657, 168, 1, 656, 2, 653, 490, 654, 7, 816, 982, 332, 820], 4320937769562637478, 15577996349721223143)

real	1m11.531s
user	12m37.257s
sys	0m9.888s


cannot run with epsilo 0.001
it get's stuck somewhere

second run with same parameters as last time
(0.2637132755109184, [979, 493, 329, 163, 172, 496, 815, 657, 168, 1, 656, 2, 653, 490, 654, 7, 816, 982, 332, 820, 981, 333, 3, 165, 6, 5, 978, 817, 4, 489, 492, 491, 984, 331, 164, 327, 980, 186, 483, 54], 10746451409202254876, 13164482238145762737)
(0.2637132755109185, [54, 483, 186, 980, 327, 164, 331, 984, 491, 492, 489, 4, 817, 978, 5, 6, 165, 3, 333, 981, 820, 332, 982, 816, 7, 654, 490, 653, 2, 656, 1, 168, 657, 815, 496, 172, 163, 329, 493, 979], 9047389342488065285, 6450216428929915756)
(0.26581747328184524, [54, 483, 186, 980, 327, 164, 331, 984, 491, 492, 489, 817, 978, 5, 6, 981, 333, 3, 165, 4, 979, 493, 329, 163, 172, 496, 815, 656, 2, 653, 490, 654, 820, 332, 982, 816, 7, 1, 168, 657], 3695208298390602881, 9068328793932789191)
(0.26581747328184524, [54, 483, 186, 980, 327, 164, 331, 984, 491, 492, 489, 817, 978, 5, 6, 981, 333, 3, 165, 4, 979, 493, 329, 163, 172, 496, 815, 656, 2, 653, 490, 654, 820, 332, 982, 816, 7, 1, 168, 657], 7768392229318020021, 780712939764222951)
(0.2658174732818453, [657, 168, 1, 7, 816, 982, 332, 820, 654, 490, 653, 2, 656, 815, 496, 172, 163, 329, 493, 979, 4, 165, 3, 333, 981, 6, 5, 978, 817, 489, 492, 491, 984, 331, 164, 327, 980, 186, 483, 54], 2343674310009432357, 4496312758152870482)
(0.2662697874878228, [7, 816, 982, 332, 820, 654, 490, 653, 2, 656, 1, 168, 657, 815, 496, 172, 163, 329, 493, 979, 4, 165, 3, 333, 981, 6, 5, 978, 817, 489, 492, 491, 984, 331, 164, 327, 980, 186, 483, 54], 14204550864588830979, 5922192901330608077)
(0.269004775714272, [489, 4, 817, 978, 5, 6, 165, 3, 333, 981, 820, 332, 982, 816, 7, 654, 490, 653, 2, 656, 1, 168, 657, 815, 496, 172, 163, 329, 493, 979, 331, 984, 491, 492, 164, 327, 980, 186, 483, 54], 13034423249846878211, 14489690219939720094)
(0.2691857294717921, [820, 332, 982, 816, 7, 654, 490, 653, 2, 656, 1, 168, 657, 815, 496, 172, 163, 329, 979, 493, 5, 978, 6, 981, 333, 3, 165, 4, 817, 489, 492, 491, 984, 331, 164, 327, 980, 186, 483, 54], 10509195126722012851, 1633763373666356330)
(0.26932947618701164, [54, 483, 186, 980, 327, 164, 331, 984, 491, 492, 489, 817, 978, 5, 6, 981, 333, 3, 165, 4, 979, 493, 329, 163, 172, 2, 656, 7, 816, 982, 332, 820, 654, 490, 653, 496, 815, 1, 168, 657], 3083124660518129470, 16791220132242130475)
(0.2697406553869272, [982, 332, 820, 653, 490, 654, 816, 7, 2, 656, 1, 168, 657, 815, 496, 172, 163, 329, 979, 493, 817, 978, 5, 6, 981, 333, 3, 165, 4, 489, 492, 491, 984, 331, 164, 327, 980, 186, 483, 54], 16040669136961158907, 12286158509477548833)
(0.2701024085887086, [979, 493, 329, 496, 172, 815, 657, 168, 1, 656, 2, 7, 816, 982, 332, 820, 654, 490, 653, 163, 5, 978, 6, 981, 333, 3, 165, 4, 817, 489, 492, 491, 984, 331, 164, 327, 980, 186, 483, 54], 3046271959215927833, 2806025067286243531)
(0.2714088467370747, [979, 493, 329, 163, 172, 496, 815, 657, 168, 1, 656, 2, 7, 816, 982, 332, 820, 653, 490, 654, 981, 333, 3, 165, 4, 6, 5, 978, 817, 489, 492, 491, 984, 331, 164, 327, 980, 186, 483, 54], 7070216365363573930, 13255620082787649347)

real	0m58.965s
user	10m9.081s
sys	0m7.074s


AP:0.9166666666666666
(0.2637132755109184, [979, 493, 329, 163, 172, 496, 815, 657, 168, 1, 656, 2, 653, 490, 654, 7, 816, 982, 332, 820, 981, 333, 3, 165, 6, 5, 978, 817, 4, 489, 492, 491, 984, 331, 164, 327, 980, 186, 483, 54], 10695174877604766200, 10074793638523745297)
(0.2637132755109184, [979, 493, 329, 163, 172, 496, 815, 657, 168, 1, 656, 2, 653, 490, 654, 7, 816, 982, 332, 820, 981, 333, 3, 165, 6, 5, 978, 817, 4, 489, 492, 491, 984, 331, 164, 327, 980, 186, 483, 54], 1651656488614889197, 4286635126606878885)
(0.2637132755109184, [979, 493, 329, 163, 172, 496, 815, 657, 168, 1, 656, 2, 653, 490, 654, 7, 816, 982, 332, 820, 981, 333, 3, 165, 6, 5, 978, 817, 4, 489, 492, 491, 984, 331, 164, 327, 980, 186, 483, 54], 7819188865598668932, 6705393402434060091)
(0.2637132755109185, [54, 483, 186, 980, 327, 164, 331, 984, 491, 492, 489, 4, 817, 978, 5, 6, 165, 3, 333, 981, 820, 332, 982, 816, 7, 654, 490, 653, 2, 656, 1, 168, 657, 815, 496, 172, 163, 329, 493, 979], 3173822541558267974, 16397504406561408649)
(0.2662697874878228, [54, 483, 186, 980, 327, 164, 331, 984, 491, 492, 489, 817, 978, 5, 6, 981, 333, 3, 165, 4, 979, 493, 329, 163, 172, 496, 815, 657, 168, 1, 656, 2, 653, 490, 654, 820, 332, 982, 816, 7], 5564158965583548974, 10036472095638170949)
(0.2662697874878228, [7, 816, 982, 332, 820, 654, 490, 653, 2, 656, 1, 168, 657, 815, 496, 172, 163, 329, 493, 979, 4, 165, 3, 333, 981, 6, 5, 978, 817, 489, 492, 491, 984, 331, 164, 327, 980, 186, 483, 54], 5250473069521331871, 6735855818157743490)
(0.2666078495785903, [657, 168, 1, 815, 496, 172, 2, 656, 7, 816, 982, 332, 820, 654, 490, 653, 163, 329, 493, 979, 4, 165, 3, 333, 981, 6, 5, 978, 817, 489, 492, 491, 984, 331, 164, 327, 980, 186, 483, 54], 5157218139473778640, 5968411029739973782)
(0.2669162361580143, [54, 483, 186, 980, 327, 164, 331, 984, 491, 492, 489, 817, 978, 5, 6, 981, 333, 3, 165, 4, 979, 493, 329, 163, 172, 496, 815, 653, 490, 654, 820, 332, 982, 816, 7, 2, 656, 1, 168, 657], 10022731891295725183, 2412785736132313635)
(0.26697857527176877, [54, 483, 186, 980, 327, 164, 331, 984, 491, 492, 489, 817, 4, 165, 3, 333, 981, 6, 978, 5, 493, 979, 329, 163, 172, 496, 815, 653, 490, 654, 820, 332, 982, 816, 7, 2, 656, 1, 168, 657], 9145656403820223988, 4147414283990272993)
(0.267035076913183, [54, 483, 186, 980, 327, 164, 331, 984, 491, 492, 489, 4, 165, 3, 333, 981, 6, 5, 978, 817, 493, 979, 329, 163, 172, 496, 815, 653, 490, 654, 820, 332, 982, 816, 7, 2, 656, 1, 168, 657], 10654885869461343821, 6738297124473675805)
(0.26962181463175844, [982, 332, 820, 653, 490, 654, 816, 7, 2, 656, 1, 168, 657, 815, 496, 172, 163, 329, 493, 979, 4, 165, 3, 333, 981, 6, 5, 978, 817, 489, 492, 491, 984, 331, 164, 327, 980, 186, 483, 54], 6831531125611844740, 15046376707181125421)
(0.2704151279334976, [54, 483, 186, 980, 327, 164, 331, 984, 491, 492, 489, 4, 165, 3, 333, 981, 6, 5, 978, 817, 493, 979, 329, 496, 815, 657, 168, 1, 656, 2, 172, 163, 653, 490, 654, 820, 332, 982, 816, 7], 6327677486721445868, 14647536383671784459)

real	1m10.463s
user	13m2.855s
sys	0m7.504s
